19045
43692
76550
52124
14091
91203
53438
29356
51589
95266
75715
97551
28020
85253
85425
35981
63808
92106
49492
32965
12583
9176
6859
40572
23312
64131
16620
14664
47111
90280
36404
65656
58825
37807
42632
72416
53862
20923
26624
5952
16689
2840
4003
68561
12945
88929
5042
1605
6887
78386
34070
43322
87062
40430
83394
35227
29413
514
49391
76024
15647
10647
66532
73972
72306
9665
71240
26669
54440
97365
32121
94981
25057
59976
64042
61854
73757
92936
62960
80145
71823
21882
23967
83737
61812
32214
43816
16078
32228
18059
91602
71727
28207
82987
70551
1013
17504
42292
51534
71444
64509
83155
66925
14418
43632
55819
75772
17889
73607
63584
22886
70282
84967
70706
78872
71631
3420
23188
87209
59500
40748
4664
56080
92807
87151
27131
18672
5155
68923
69707
1451
58284
77714
67876
72202
46198
48547
48475
87940
22654
36911
11326
17789
46730
6884
96161
18862
34156
19849
30923
18509
84449
35087
74089
77756
47090
1720
21281
51745
94496
90488
52696
53280
93054
45424
50335
39753
18823
23662
28193
65330
60073
39019
82619
7304
69756
79280
50018
4412
23981
80441
22421
8931
16029
96010
11539
62619
22583
32320
39217
17579
23308
16765
94711
16863
86042
45546
80468
5365
68708
9161
94547
53634
72032
77666
60438
42288
81798
10956
46201
6280
90897
92474
39063
31778
88985
50102
19250
36420
81923
57967
77851
30083
98584
97414
70798
85126
43461
51766
15344
37021
60427
10391
15507
57312
87558
75445
99100
94208
11253
70153
988
27003
63128
39551
58281
76965
14506
2383
13885
95929
59850
16588
26512
83287
14502
22163
93265
81815
73429
9109
43689
58709
19001
58696
16521
31411
34642
16121
50471
69747
85775
50960
96250
73755
15363
79384
51220
29369
81267
88957
50150
65970
6045
76163
49757
20047
97826
43522
26715
96107
76484
69904
55316
20337
29100
95689
75600
87594
12311
26571
57842
22938
2383
54592
96193
17247
34476
72265
70468
40596
61722
21119
7066
67267
22134
56323
12166
44812
24697
38381
41419
1681
8785
21588
21518
37386
17777
96618
25480
53940
48042
8174
1730
49925
62267
22775
66672
21595
94540
61993
61691
56762
82612
68257
48881
29598
49432
84900
73910
97982
23781
40181
99163
56419
85621
45534
93305
28251
67004
43637
81691
15546
51312
8274
64972
38431
30549
56496
59526
49942
18989
21718
31556
26453
14827
79938
55551
63760
65338
54313
62242
13971
19347
86257
69890
5468
56643
88047
57571
48500
56537
64115
63546
8349
71889
53370
70632
27290
34719
30658
76732
53208
76228
8789
4514
90556
13579
83917
79168
78417
63083
66262
17240
81930
77371
86631
12250
34515
75178
69322
82515
56567
33937
70913
88768
30678
49136
59900
57468
83355
15411
59053
61415
91139
67342
65429
7547
80421
49847
11567
83690
13430
77329
1430
20212
55201
87561
31962
14568
87592
26136
21935
44659
83925
92348
33928
15103
66336
18680
96424
50191
33591
55977
12107
49583
23819
2388
56630
29092
76087
67698
13282
14369
69879
14212
34081
49932
26626
89896
64000
39070
16532
85435
83229
958
3636
42009
39913
69472
60190
36837
44516
18633
92314
80475
67716
40985
82363
49199
69577
58951
41749
82359
97172
12128
21424
31754
61561
47550
22150
50413
86120
62534
36349
94201
62992
63837
61063
27758
58161
21753
64095
3177
64238
81262
83152
32455
22747
90368
6506
91825
74171
47755
99036
71843
83735
20960
4097
70148
92362
50099
45414
4334
13134
81263
98036
978
69952
59599
28236
28613
6204
17184
31291
69942
97946
39295
27249
45545
30163
33255
37870
4834
5862
61759
76178
14450
7571
5127
9450
24786
54727
54364
28620
91713
60479
51508
17543
30931
11607
45280
59045
41663
86316
15188
12106
84762
53983
63207
55159
83647
21315
17882
87981
51029
79141
89011
64979
11564
93639
73930
35850
73218
53146
63971
65431
14126
15979
82474
44557
51439
52606
4102
92602
63774
43142
29560
73388
96626
92268
29048
80773
38435
46430
93606
88964
26071
83118
78796
61487
2609
77578
96838
75327
31224
85661
41258
44850
2140
48584
88908
77431
26043
17862
70534
89317
60505
24946
63206
57631
42066
91754
63256
80001
38684
81714
69466
88607
65332
73114
50594
67441
51192
47932
67620
81916
34093
9378
27267
60086
81815
41027
38017
8358
58389
33403
22527
43746
57850
85233
26229
99416
77487
88985
79918
41023
71200
74236
54482
61384
47850
5577
53678
23894
77361
21798
6310
36307
55029
33077
95893
61696
73604
58762
93906
56846
17018
16933
25444
74368
2667
51174
98636
5006
65011
4406
69882
61063
78142
24864
47300
50844
29941
1478
74238
32155
47128
5401
67962
27009
37978
88707
88205
36435
47969
82611
18133
64487
99045
43077
63707
26564
93751
62844
31070
83615
66750
1452
45178
69745
50169
91978
45441
79610
18308
44532
12265
64937
49433
5079
16798
12263
93286
5504
72550
41756
12967
90183
31095
36864
33761
19655
62928
52364
81999
18851
36479
73601
44155
6510
43846
93824
97988
14140
98287
41149
58172
11052
30938
8105
15632
47236
44220
33770
76592
17271
99378
89060
7954
30974
26424
65567
50129
14205
18432
56980
32556
78763
31081
76211
84773
98780
70536
8614
13420
93675
73615
71092
5227
5053
4049
44711
76141
47769
3334
53234
88892
3212
67146
96347
33686
18422
62414
8667
32127
5698
89499
88535
9314
21081
89599
93587
44713
84987
27053
57633
79162
1168
53577
9241
30073
81478
53453
6715
54099
80639
83801
43492
83351
51447
64691
41890
69369
51957
50057
26349
57156
40057
15384
90322
84990
5483
9761
30203
89970
36315
12688
69632
61335
65765
3726
16261
72095
56679
22476
26694
62170
6777
94038
46021
82076
59229
87411
51945
11687
37969
3146
92695
2878
42383
83517
12720
47366
92778
42423
62189
29593
54611
56673
15781
45228
59899
31542
17823
41430
77870
68369
4100
84147
62908
73974
91075
22637
61885
43520
33824
24706
70519
27019
27084
13402
11036
39304
84620
4315
6579
47309
57760
85042
28835
97393
30770
13586
29435
72445
78869
32157
41315
82469
41156
4723
56943
32731
51212
43681
75752
84537
67887
71123
36408
19824
84025
71297
82980
69145
75112
89060
41307
57724
74602
69642
55618
30225
8080
9905
3170
86449
41563
68337
93771
82219
72560
51214
39803
24273
19747
40407
33662
87135
12030
69570
7459
95555
41367
89939
65200
41331
79499
7007
23908
78954
1501
4378
9679
9082
38135
36701
95031
4550
5539
14654
86270
2951
65369
50925
51076
9968
90832
84238
96603
3362
78661
4562
98417
44880
19354
88469
11064
23705
20329
34472
27511
45682
62702
36690
54264
1337
97244
74148
5388
3283
88302
16510
30086
78523
66935
80663
13344
58267
65401
10447
61129
68914
38862
84398
14295
82068
73367
24859
6273
18548
83183
33285
63731
46385
93827
42847
71574
91571
41847
76462
19706
55002
92472
49293
58377
59907
30456
71221
43026
20709
81169
4655
89124
44883
88553
28271
27451
86773
76982
33224
5821
60665
90361
93404
31902
84689
36752
3976
2112
78099
5291
21319
33601
97263
70112
91479
82023
25420
87552
25549
45629
69221
54057
35253
38956
67462
87376
65907
79087
64858
23984
9761
50375
14845
3665
7129
24386
39917
34958
25999
42869
39749
46818
75970
61864
41782
92301
44387
66702
80354
93789
37183
74427
72698
71937
13884
40660
84165
4643
44600
49524
28127
53861
99399
66825
57026
7029
90711
21796
41487
17210
64165
6088
87880
40635
67452
54514
57789
36692
21716
62995
30981
58400
62274
28531
55189
75658
93043
39854
5154
38143
14230
57133
91504
14130
24458
73383
45011
15670
94679
11350
56732
59344
41290
45113
24831
9242
99127
7472
45434
45696
69967
1267
28948
57094
53650
8989
57604
47194
48343
62258
84837
86426
19892
2194
25408
43850
99429
69919
83372
19960
6121
40605
78804
46911
10570
28487
80005
34549
59812
25940
5097
54631
51059
33545
12225
5210
42034
69330
51904
15230
32088
61593
2156
75832
87639
27064
20183
12920
21835
28407
32380
51808
92864
36036
23571
3934
88376
4076
62336
48688
53868
91285
28171
29780
25331
39897
34490
91217
34079
11246
31299
90019
96691
57307
66352
10183
9223
11387
22603
30558
39294
54484
7218
32659
90020
30289
60445
78896
58218
47633
52436
12586
39419
80108
41866
88602
20505
1208
80319
78436
36306
36471
68955
33498
93278
35807
43181
3002
46694
89636
57412
10841
44620
88483
67352
59493
19272
28297
63241
2342
75431
16178
14429
15350
21138
80147
28804
65495
80856
9623
44431
17662
69946
13886
75012
63725
73546
43045
90579
45092
33182
72843
55433
2654
61826
23285
85999
5951
75435
49741
7793
75718
89771
46074
15920
11409
51074
44224
76404
32430
77699
21335
73944
48146
59073
73809
36723
33119
17354
52154
77712
50036
25497
57997
76543
12176
80783
63042
41979
81070
13283
73624
57288
27906
44551
72708
38815
95125
41784
40071
28055
19983
60906
26851
67629
44832
1160
29204
77451
18015
80858
80015
91903
31208
38513
93298
42884
44148
56841
9715
25718
93976
82839
7858
22383
27890
5418
85050
23515
46702
25622
75422
90537
11380
27126
83019
55712
27786
12723
58016
69653
18434
38531
86409
49142
1896
80207
91526
45544
61900
1741
95114
80729
9432
27824
27964
36823
32742
13514
84190
4296
62988
60113
19686
73869
86739
3205
54433
39377
15428
37301
9531
33362
685
20792
7356
2081
25851
23734
71478
87252
49327
91444
68481
58260
19769
21297
19935
76363
34311
4625
80160
22152
64238
99346
20873
75829
27403
99158
15707
66683
36960
49090
24898
37145
69382
31754
63078
94733
54989
59408
7837
4816
51353
1170
62576
70622
21967
82011
47485
80131
11489
52497
2783
75227
76695
47508
75909
4598
47166
91116
95134
8978
40706
20532
69975
34940
51786
33554
54525
7275
92462
61863
35944
68667
62533
23372
39789
9353
30236
12127
88984
41225
88476
16619
41304
65672
87979
17713
94122
35645
9329
89756
44124
73887
10788
14599
33679
86427
72005
87705
18554
89320
50068
53998
58487
37453
76871
23129
70658
7607
34756
84494
48332
23732
1613
14488
14256
89092
31702
33231
49590
64883
47839
93214
63623
58128
32665
96802
69407
29523
85007
87461
19343
59927
41960
77330
22233
43683
25311
92391
50790
59567
77386
23974
8152
3851
37962
46260
17796
93516
78991
66886
58900
27331
84952
23023
10311
42469
20325
79218
71492
30185
91531
90335
14964
33991
92518
36697
77174
42681
53941
52816
2749
31827
76290
34753
59530
39105
80513
76826
33121
84357
68564
91521
36540
54016
39396
46351
21338
83574
50421
92330
38611
42452
8518
53075
1296
25888
14625
3322
68069
68066
55639
94670
99393
56781
29923
59423
20738
35289
61102
53360
20146
30166
69733
80538
9035
33982
27389
29873
18056
2662
47055
56167
68966
55073
9742
69762
5813
48219
72585
73383
16785
53076
92905
41030
10357
23329
954
30596
82470
85908
8808
27468
16574
78041
8506
25109
36875
59747
78834
54431
61909
26390
35450
31375
80963
69045
25990
11629
17764
98075
84512
34050
76003
3269
74580
11212
50450
99386
41308
33420
85794
73968
60388
2869
76862
92746
51830
14237
52993
31165
68169
15402
57055
4119
70630
62870
72664
96120
73999
89929
20047
83363
48831
95550
86133
23911
7262
37083
23798
72423
94356
10092
46891
79596
36813
24253
72843
88144
37991
26336
19809
31012
65591
1716
58983
36721
64086
56500
33341
62938
71281
77240
71153
20612
73290
57786
44023
80052
19722
67321
52975
14578
2266
24719
19026
38579
48472
91369
51575
11315
18206
95236
66179
8649
96452
50015
44870
85391
7015
3063
73181
77796
79803
44834
97908
77945
27473
66783
58497
71047
58957
36325
10477
60723
60544
29003
24154
33868
20873
582
69036
62931
95318
60067
71080
17623
10582
40802
3514
17097
67717
1547
19745
72372
45881
42505
50817
97206
9789
34166
68753
68246
69991
78730
53821
55387
8234
2827
14108
52959
2909
7996
16390
97728
67563
12322
15851
77646
52624
43217
19595
45193
44264
38841
18065
14997
80846
92734
12704
15487
27400
80957
83233
22244
84540
61906
2483
92274
64234
16091
45733
66643
23587
85975
89223
16003
97797
5574
18501
75273
72643
37596
45318
41759
1289
62883
56257
6988
80469
92813
21975
32721
98622
30061
54465
83662
91467
80801
1788
56201
96392
47021
47697
44832
57848
37420
84687
56145
66847
3688
56270
39990
65136
2088
6602
65926
88823
86711
72414
69792
80024
19241
3014
4498
48802
81331
87661
40770
62632
88949
21823
83877
60823
69020
53561
19171
6941
63100
99169
73288
66288
55939
38130
31924
81880
44232
22702
71203
31443
19968
65848
36319
38710
92714
40318
87012
98897
52831
52634
86382
42280
73958
95111
27955
43478
73524
46627
74271
37124
70648
48059
3912
27087
11042
59688
33819
54774
81891
5523
11070
2359
95223
71241
40569
88437
36411
52434
87834
88742
5568
74716
55875
79026
94679
83330
47357
68703
54809
22128
6327
25957
94040
34091
52545
5582
93280
85864
84208
1023
16239
20130
27234
11962
16224
91656
25251
52135
44590
13586
65730
74010
13154
22105
53537
8334
5935
1394
1889
60245
47374
7717
85702
41914
41308
63099
46996
59440
73816
56057
84315
14907
75687
12050
26370
91411
4206
75473
44047
72648
88559
34629
47158
26566
56234
25547
58752
86021
50793
60141
71118
97668
91710
81673
40082
57871
69624
11931
17811
43940
67488
2627
82700
68027
38529
33922
59939
66587
9895
28838
39735
23307
62967
86393
49373
44053
36793
32977
30574
87086
92618
2193
85254
10181
8718
50189
67552
77842
61620
10215
46635
53960
12342
29835
22487
74723
63257
7278
41810
72652
35616
6397
95459
23435
92291
69684
66988
29584
3161
97063
41522
20632
24108
27277
30313
32326
76966
97365
10668
63438
32432
81155
42250
44275
11490
88589
43850
98599
95368
85161
71752
55836
91058
92063
4124
9201
62248
70612
62637
89261
92527
29012
10393
41487
55789
64558
97665
57607
86775
8834
45897
19708
89489
12999
87835
25832
2088
32185
24931
22308
42198
21535
2997
58109
14099
6621
91162
1199
2085
78652
89960
94113
8164
25206
60452
87805
14616
58618
45912
1892
91304
16661
45452
6645
29160
58139
31977
55100
15176
80761
76909
56875
2796
4758
39836
16395
35231
55850
41446
36816
59354
31907
55781
67018
80965
16734
79675
95081
74852
50439
21825
91008
66600
91129
97153
20612
49768
29631
75213
64445
35244
76974
46172
37540
81232
10860
77788
16963
90562
19734
77631
50417
75493
33913
42287
56958
74499
22463
76892
74203
72402
23569
65711
63855
39551
63364
83967
14171
17847
59680
3468
52591
61506
49140
14984
43238
83852
92272
84053
74915
12506
62185
50184
12852
20950
91971
69310
94949
14934
71054
94004
12189
19476
60215
75544
82879
48431
60011
96550
65779
44544
519
43222
6550
73511
57706
73641
57864
74830
82546
57631
86837
69583
8315
99189
90033
786
93351
10834
39573
89258
5338
75614
33586
89405
51658
16965
38337
36521
14015
28968
5917
14034
71690
11968
87046
54249
10461
69762
29579
92507
27893
41268
62591
60060
65309
53124
84698
83513
87811
24771
97623
18001
25237
31709
7907
76395
72526
45744
37769
11393
74212
43186
49280
70754
79006
36826
25503
88967
31440
78935
81975
83185
45055
69418
43745
10865
23042
28943
19230
35705
77567
17353
53207
3304
72914
60614
4552
45940
31210
66173
56833
5922
9859
6613
76176
88366
67291
26532
3185
23583
30319
10012
7268
74874
78930
74865
10591
26825
28661
29321
62030
6728
46174
40089
33884
19588
25555
62288
89380
56265
28961
46714
61687
38321
77179
62716
51539
44971
14100
78576
68054
68271
88089
99175
43645
67519
74540
53737
93844
3701
7910
80727
34281
53585
21316
67666
97025
46372
30454
86906
3137
58916
58472
88677
22089
36151
76245
97480
5974
15197
76556
73529
82968
65145
73204
27113
33165
72596
5702
51861
75798
13113
33088
10579
90550
53905
3097
88075
777
33052
833
27766
16820
58805
16943
62761
94457
18040
60741
931
32737
37797
98312
16205
27795
96368
67171
84812
69465
96725
37173
70115
34690
94114
80194
50092
72871
8144
63020
97500
40696
63353
25766
81368
47011
66562
44629
66320
84102
30222
91103
41692
91871
89916
81749
20166
12136
73772
29830
6453
95350
90856
76068
54892
85470
81115
5485
58841
88759
68005
56841
54307
56210
7459
36175
3721
73521
5656
93893
82476
35378
85497
49020
27749
1265
31269
71768
12901
29894
2098
43207
25744
92454
19775
80136
78424
25742
10473
62117
15001
77978
43810
93160
59041
50770
29835
86614
49143
59343
81008
32119
94221
67005
5991
22471
67770
36761
93739
5523
90507
20689
48230
16751
13644
67506
21739
16920
18100
31713
78538
56954
34543
47200
50614
18436
97470
79950
5551
71466
64145
86059
4085
58867
53564
9577
6190
46186
70190
24781
51209
61197
44970
24292
2800
58114
16650
48391
98887
34250
79604
3277
90704
39000
49977
41819
56936
72300
46621
61987
44266
11266
72898
47851
69633
26962
81280
675
97000
76322
24956
73062
62371
69427
96854
89023
52393
14004
37915
51780
47754
42371
54557
38959
80871
5035
5630
38308
76835
51751
25147
45953
86869
97546
93304
81355
49360
99437
81530
71213
1611
6987
44775
63483
1266
42129
53006
77511
55633
15773
29792
28239
57645
83849
91050
39016
13736
96180
2176
15423
72783
51176
60876
60153
49222
79033
42008
23434
4322
24038
94147
5433
54877
39422
92768
79995
6403
70627
58007
85888
85900
12651
14628
44045
21352
6178
7914
34589
27211
9590
73864
99494
60266
59593
60147
34340
63478
27007
81627
67300
50546
76274
96585
30275
40549
15206
35123
70804
10685
17982
57193
96085
30133
71321
64983
50985
2351
72397
10426
29062
6839
9143
29057
66606
68236
14056
25798
32214
40564
7925
24366
15962
9052
21451
70089
49101
60509
5712
20405
70694
23194
2450
67280
77179
73271
57115
28665
99475
30012
62943
29037
36351
71586
81946
27809
40322
20855
53108
96388
60919
84885
21254
1733
93437
66558
71322
67390
27567
1887
12648
97762
48933
14598
89894
26613
12722
47509
79130
12697
2373
42573
41234
62576
14660
48033
89886
54482
68388
67846
75723
54159
77583
96477
55392
71521
63535
51566
63763
15955
77305
75911
14217
26739
15362
28963
77204
27584
1324
56834
39781
3197
98907
5867
65273
14067
53400
80011
92402
46640
48357
92977
1299
26441
89954
80543
22814
78342
56962
11429
19149
34767
86841
57218
85358
2703
85681
87414
29787
86505
44748
93420
89202
68508
98787
79327
7427
52688
59839
24681
24180
33048
18158
24980
83341
8613
30375
6655
11807
12189
17585
30456
70809
29278
87174
56667
55833
97707
44582
10472
84712
14182
4392
98766
82190
3679
3945
14470
55867
63284
38651
4900
95833
56310
29380
79674
88775
83607
11182
1082
95297
52619
55390
66606
81397
67416
48125
62082
65623
17559
72054
75187
55594
75946
98805
38284
79125
3250
52254
59845
90387
15758
64245
86720
71568
18477
91246
60843
2584
27280
85777
22733
4751
41667
14191
11000
33935
61817
72582
99058
4228
45136
99097
59322
21582
98402
97107
25560
2152
74213
84905
92039
89471
74002
4611
85891
91979
20710
47234
19415
71842
33511
66001
76094
99030
79692
86594
57817
42009
59677
81727
45738
29665
81324
5560
50748
5578
27519
1160
7231
26585
85565
24122
40908
84419
52586
27300
76898
97148
74034
21165
69490
32398
86666
46084
56280
66859
33179
38950
33720
17708
21177
4310
46873
27354
9371
22473
32432
60742
23133
63515
12179
33550
87138
52588
18469
64576
79388
20219
62224
78274
65237
32214
35524
52403
3151
16657
44114
60182
55107
77335
77390
1136
81145
49115
27990
15368
95441
59923
963
43426
23938
12642
76477
35928
64730
19798
1004
68970
63870
87080
72097
29607
19795
32473
6862
22446
48630
74829
82128
28589
52664
84370
29226
58661
58337
81068
97882
54278
65843
23697
97205
14634
35839
98534
50062
25422
43184
74919
19244
31906
62499
90841
85365
7146
23815
91728
53444
96297
67057
60424
25387
44573
69646
78465
28086
28484
84385
50820
7614
50729
74017
5319
64863
10357
28705
15425
59631
71390
15196
78375
3796
2548
94069
88662
33546
42736
6242
86491
39533
97151
71767
88772
66576
41914
67737
94162
94250
76975
69835
2364
28204
44352
31536
92567
78561
59741
32844
63044
55983
71893
41920
59280
73941
60841
72794
7987
4077
3888
19330
43110
1539
15950
32383
67615
57364
24972
86629
76466
2447
56964
78330
30151
26169
34718
47570
29582
93960
79915
92127
74795
52308
34547
58927
51101
94888
32221
82940
98465
35609
27123
66427
61000
42573
98310
53467
24789
48135
64949
1755
74434
46765
4937
29438
72434
39156
76508
2517
57968
81275
94144
33263
34083
53543
91691
10036
73283
48764
92477
96600
9226
20100
63527
69726
86525
86690
23694
11814
59677
13495
37421
34611
59760
41858
63549
32695
5866
40558
59064
87686
22333
78060
21450
80269
32103
37993
15157
5886
86257
8134
27338
94983
52086
90365
89562
39111
2907
38108
74777
62084
51103
12698
96196
11363
78409
60245
67910
83775
25655
27474
71962
71841
6034
18264
76962
61989
55757
91619
91727
66866
24606
19565
86702
1544
34783
2116
64508
37190
39724
39785
98775
15679
76336
20823
26542
55245
5920
19305
63872
55428
46279
36334
27769
76166
78450
5231
63007
59059
96350
55235
26426
45808
98652
37980
46853
33935
39596
11861
70626
78820
51146
94253
93999
27982
39928
45393
8079
45348
64198
71452
1276
35330
8286
52897
36348
11589
57628
98855
70148
78831
78942
96074
25139
78095
34554
71492
12530
98002
82853
8008
2674
58852
27113
21525
11686
66541
66419
19266
36742
55469
90218
61870
15651
23356
15268
51499
34445
96748
75207
5094
76079
54649
26020
1719
33244
84427
97063
69627
82929
5769
77135
85104
64121
29101
7129
75307
20494
97400
94073
56736
53370
10143
19107
92873
33000
58227
44873
66945
55475
44932
95891
32055
99081
22412
57626
32826
31691
55189
27305
15120
84810
29292
25076
49431
57893
31706
25239
77888
53958
44164
59476
32180
53808
3435
25554
11660
61162
94279
3457
41490
39711
98849
73045
39292
46113
55523
95970
77304
35564
23775
17276
20875
52568
41853
69806
10961
97411
19897
13701
51869
87914
97030
83550
66574
965
9604
77734
85980
4383
80691
27970
43594
5392
25867
7738
51005
80890
4209
53161
41306
27484
69938
61681
4904
36643
56340
39718
34554
1089
77271
11275
88503
74801
94325
79929
75267
28781
82515
61747
32664
63707
14569
1110
92951
39936
8349
68809
45678
36410
22470
86484
87746
17260
48666
92151
77755
29858
32369
37161
30447
10140
47937
43803
84442
42762
48584
84561
71044
31600
71160
28560
94807
85229
53523
13610
50017
61372
81919
95195
22634
29242
82179
10880
70354
55697
3531
48610
10407
59752
10623
64707
69393
58060
33362
78687
25675
81446
88100
21571
13546
59760
49631
33205
69841
3654
46316
20358
88878
28735
40405
12012
81829
47436
46745
52684
27986
49776
26146
37893
10029
36269
3100
4274
93830
35962
7813
44357
17909
95413
65428
55307
55673
15559
88013
50366
43066
34829
70224
56796
87416
35481
92661
69746
82417
39906
47282
10903
14534
97280
72649
24063
34049
601
52189
52731
36064
59502
96588
77825
79767
86868
33632
35940
27280
46497
11158
69846
80826
6234
51494
93095
41215
44655
63341
24133
9413
35475
58888
23448
33255
32037
71363
91156
32139
48405
44388
92055
8407
65828
94732
13027
53197
53216
48467
79977
99214
83478
74675
80540
89212
51021
74135
30928
95177
62328
78913
29442
22655
38301
52390
55410
94191
48606
47067
51182
96511
16307
68089
29770
6987
63321
42297
84036
17037
15617
88865
41103
98595
64040
46496
13659
39914
21131
44087
35591
8312
47852
88885
30467
11006
66128
10730
5697
15234
57297
80731
36597
97456
49320
90219
29295
37493
57369
13832
54030
96838
3197
19986
21285
91090
65982
34444
31504
11965
78032
90947
19777
50736
80332
74097
61242
71312
84327
66439
11398
66476
47670
47495
64432
21842
62567
93227
58835
20436
7559
37718
17774
34609
57204
38559
50551
23686
72503
81555
35151
75387
97354
78781
26624
78186
53378
87366
49999
38205
78658
60897
5181
51180
33245
93465
72523
95312
87192
56210
40600
19604
93428
82226
78065
51132
21285
29116
98670
18640
11171
58674
18880
9025
37955
69356
12063
90833
81574
85914
29538
85084
71664
58571
36765
29761
52536
34140
49925
40228
15202
90025
83684
9131
72751
62249
84115
18888
90865
83286
61380
26888
66812
5112
59765
5267
98320
71329
95600
5747
82095
49990
90331
54259
33413
51948
83520
85449
10940
33945
50529
25643
48822
34714
34274
46425
21815
43241
64813
37533
51379
51046
63921
18691
80010
24187
23458
78831
20368
43910
84078
2963
18752
99261
56723
51665
51710
65095
61966
86502
23893
12996
12645
72215
71562
70771
19141
18229
14513
8806
55262
65392
83704
44036
8936
64215
92075
31894
67898
37295
657
76828
39758
43261
76589
21333
19779
53151
11281
81245
40154
34674
93741
76651
31741
90155
47923
50382
8885
61936
83041
87999
52180
91597
32535
60616
80664
49462
17363
49062
86257
41872
50742
26516
84633
27832
71701
4912
5835
82482
85658
45489
17656
5251
46993
48898
20259
94416
24132
28644
81204
32025
17143
33884
24123
73531
19353
29639
47845
60568
78202
34603
2940
29444
84971
12425
81128
57172
16838
11816
40155
27348
81157
81663
56451
28650
55413
76210
23566
79046
5354
5270
35923
46350
63007
83898
44733
7212
14038
92078
67280
17092
27181
69720
70388
37004
81645
76369
93677
23335
87685
58684
50183
69342
65199
31487
97493
21113
8197
45911
25011
37404
50682
84786
8606
38541
69185
52839
45253
82723
69769
37385
24667
21803
7605
94555
58307
14102
71424
76836
36938
83961
36020
11973
53804
26072
67312
51797
46685
75010
22560
95548
12914
97094
80834
45372
36135
50519
97711
6240
58094
67980
43125
7613
89283
74582
2669
72443
88185
97945
49779
49975
7759
10652
85800
61063
36224
53613
37712
7761
53475
59772
3809
90241
57367
9495
36113
18354
83867
34324
48447
42461
27156
91072
49575
41292
90507
76096
38587
4544
98893
87866
54019
7152
23370
64671
92067
59094
43136
54631
90707
96111
14904
19368
86852
96123
28364
23465
39329
12731
81641
87276
79044
33650
4201
53471
98794
94208
54419
37881
98252
78165
50599
77123
10169
73470
66646
2737
57416
10283
56868
48624
6894
95624
91844
18599
17599
20708
65916
56429
57291
48058
44205
36836
6560
47906
15159
5854
42614
69079
67587
65718
47744
18686
43341
57413
91656
10488
84002
73925
44623
65723
23049
51017
61847
39745
93468
78947
84306
59885
35876
42097
32795
79581
3785
38855
52340
18445
68561
94454
12376
36648
85025
83972
54834
53218
41885
71343
63206
50740
45768
32681
16963
92669
8551
78310
32914
2519
82109
17720
61904
42837
83670
94199
47271
86955
57906
99111
30252
51319
19417
66480
87467
4942
50952
67154
57661
17690
63349
45719
67930
9617
77901
84393
27138
85952
87555
59552
13323
94517
2125
74728
37854
10647
93779
84625
22454
76538
9588
52207
28357
28506
19187
40677
57300
93992
8331
39813
12182
71180
10385
79612
5649
13138
88857
32287
23942
2264
16691
36765
96281
42668
36345
58988
52815
54977
68465
74770
32015
77554
51829
84224
30912
94868
25401
13064
89360
57584
52378
26394
53616
86615
6506
83117
99253
20215
15904
23695
21980
56448
59960
43113
98616
21158
2601
76284
75635
70567
75906
32502
72973
28235
17226
4385
47955
66480
41301
62168
48916
93179
88062
3033
5646
19421
11002
5399
63488
26407
28594
84968
7707
13407
52934
31175
34065
55035
7959
10200
50454
83365
66554
23927
36452
83280
52164
9260
74612
92966
70928
24029
11997
83842
50914
17144
28115
61416
46395
91104
12675
74490
76572
19882
12749
30006
50558
46314
9894
82369
80366
84200
90587
47420
8628
51891
55552
84644
60651
55017
78110
56431
3898
14960
40774
54312
55956
92741
40580
2851
84345
77108
76841
61418
21842
14442
16276
96252
60256
50022
79122
65474
34723
70209
37746
67203
22600
18151
52347
8104
72668
55310
64035
76066
94122
29661
55230
50578
22903
20662
52929
7748
97270
54623
93018
43965
92917
34147
40717
78026
9021
20339
44000
43244
15400
6599
35299
61853
24250
87147
69457
21770
67309
58344
22688
61931
87506
77418
37361
35261
22932
15142
42509
45055
93617
60380
88520
87035
19379
29737
65561
27900
73929
34413
70645
14181
40512
30796
75534
88614
42795
69843
10884
10604
28688
33072
96387
41046
35342
58600
75807
82127
73243
43168
27682
67360
4048
41054
79247
22927
70291
45308
50328
69072
79222
45825
82754
44586
1473
83140
33701
43769
53484
68437
78225
7024
2010
75113
47570
61204
34213
23877
43831
32308
66545
95365
24521
94446
36919
4268
42225
32063
73429
92053
25987
53151
62730
33593
97237
88056
17234
55790
32325
94570
24728
11050
2094
50590
11015
49164
36646
69081
72541
5330
1889
63938
1195
50262
58884
61967
54031
1610
93530
27960
18515
20017
5963
6098
53111
28052
93654
94197
8695
50831
89267
32923
61381
16213
83013
71897
64877
44511
65830
62270
49341
67219
51060
50037
17982
10445
12504
95865
35907
30886
48677
78274
74755
78492
9224
52718
7044
27730
47415
15239
78061
61534
72014
64295
77247
79879
61044
66976
24891
27374
29746
73732
19445
80307
24269
36927
15604
60625
57644
75363
16363
6821
54137
90619
84813
62862
43837
16710
90092
16105
55801
93006
2491
28316
57801
79239
8695
19345
46715
57438
46219
1314
31671
65164
6473
79792
26944
21577
65270
84088
96440
81133
15762
75429
96604
25427
63143
65294
41637
53736
80899
22291
47242
82890
50107
29895
86981
82654
48740
58549
40593
19811
59363
71764
9827
65336
76408
36271
11765
42178
45212
8705
23812
84826
8986
20916
10753
71630
11062
76243
50218
91461
98034
96960
99204
48641
51707
86685
56147
947
70086
96240
20258
29949
92856
53937
20137
69765
89709
31402
36795
59773
63959
60107
45099
72446
5876
55352
44576
16438
32095
94294
32752
30629
17106
56808
4122
68313
68345
59770
93112
38932
80862
38222
68381
98571
91659
88019
93188
81868
44273
30483
66493
8733
15443
12092
80679
45171
66945
50107
85461
23892
69253
18713
78374
85859
99373
7348
79024
68219
90970
72636
7651
72333
35710
884
95756
27869
13755
89444
34590
81881
20427
1583
90114
59722
13176
95645
5393
4973
46252
90355
52717
16005
33920
31591
26716
33794
38440
30592
26865
29910
28080
58368
27095
63290
58752
23351
16011
96360
13295
50101
78741
57575
75537
93707
17797
13565
89852
47043
18038
60956
37898
70255
1813
95670
26699
28029
29964
64639
82473
80681
19401
11053
39549
45997
73843
97802
68848
14706
20014
6996
64308
23607
88423
40345
17814
31072
77762
32518
77615
95300
92974
40365
90407
94287
60888
17606
47168
90352
7097
30141
71534
25999
40694
35935
95848
39389
58589
89548
53595
78103
21396
42755
26562
10319
7952
68228
65244
85214
1246
67711
6366
93720
32929
96274
88507
93317
38732
36175
9521
45330
90168
5907
95181
31362
41343
91529
94603
99432
81577
73051
3388
3474
16306
29450
37645
48111
97179
3389
33825
97925
94953
39692
17498
28382
60818
30857
22199
99050
66533
31220
69232
81553
36628
89265
37768
2823
81294
32871
2755
87724
30774
5643
90698
70933
34594
53195
19544
56625
80437
77221
79402
75890
41765
96400
4772
3083
52110
26471
26986
43495
81543
21070
25548
18671
10836
62816
20994
91630
20540
47602
79854
50814
52745
95404
22247
12191
73452
65643
92668
54389
43365
72571
30779
9982
93823
35051
12566
46433
85374
63404
89428
67417
83974
15477
10941
94310
3145
55787
11793
23185
3889
16499
97852
56135
36756
20599
92178
10708
11095
85347
64597
78312
82770
94876
87794
2445
54779
25212
48379
40653
88116
62659
32922
96943
2988
43363
91753
5634
98651
28398
52671
3040
44398
51023
83027
80654
95475
1058
90862
7070
85905
80311
10234
93527
1039
22880
95472
79670
47593
68703
20823
60561
31863
77597
58004
58703
21461
74610
88189
20612
27860
41361
47504
71758
91884
31032
77264
13211
31590
92978
44133
42347
73789
53867
60726
98680
76248
56698
78850
48693
25902
24525
34106
81617
2623
16963
40820
23584
91073
53862
68048
19433
94723
16052
16044
12459
70936
92808
25171
27378
86287
93156
93577
84928
47524
54803
84109
48624
36354
87811
22169
61756
12837
55775
68225
14960
72238
33897
62396
88163
87259
55296
32449
82482
95200
72345
19794
66637
65653
68817
18867
76792
62473
12945
62221
34849
91600
71182
8325
28454
59493
29994
15062
96182
10622
82787
35994
7712
41537
23242
20728
29296
78038
52677
36631
73739
25522
55925
65228
16027
25242
83595
92320
87215
21392
79393
46917
37845
75427
54742
90151
59772
9589
5714
56455
19711
13353
17301
26923
54390
40044
71503
83187
18582
24680
44670
17173
74054
1095
81901
14934
50189
90349
32106
62256
36593
11999
9673
98290
12278
63916
88942
95902
73005
94156
77209
17568
32361
94011
68343
86252
34555
40347
94291
76989
88879
63813
93663
63434
64408
1416
77868
39449
16617
10474
2205
77063
46325
35731
75853
82455
99147
65295
78857
97004
84303
56567
39424
41517
51078
8267
28269
10485
72466
47412
86974
61846
11725
6489
25780
985
31758
28500
39934
47875
38474
65991
25438
9651
2222
1792
91606
26221
90939
95315
48077
1095
52382
87001
42112
28312
20121
94233
38297
92087
66497
50124
54433
77722
56113
79713
3559
87371
33065
67345
60099
95391
33836
10389
5542
35559
11681
22000
61280
27473
17816
34210
28068
94050
21711
94032
22863
41332
88765
60660
58272
55762
11284
13205
58336
91250
17771
61395
4473
50336
29240
88424
46228
62576
98314
75622
22987
34847
97123
9120
61820
39791
42830
14740
34341
64041
9272
56704
30226
97537
42217
87998
78151
77353
26055
36987
93455
43326
97882
97429
18515
51974
86353
64243
15051
10519
64717
61890
44867
62340
70510
7187
26983
13840
45780
60825
2734
54552
18029
56812
76942
84098
69662
55593
61952
95217
92081
55907
39044
15815
78188
57059
67290
89394
46154
7193
99413
11371
68583
44780
97564
63946
75820
25047
77286
22100
10724
4872
1504
52606
85536
77946
37204
55698
58392
24008
51416
50973
79416
15312
90640
58104
96223
58430
47998
67229
65123
72264
78100
58559
17544
1516
23005
92864
50416
25143
39816
60640
29516
40821
13746
39904
43619
74803
95103
2511
98311
71371
77336
3579
11535
68477
61184
8258
51759
34034
74987
17383
31150
77939
75442
48195
4308
23299
65911
54224
47942
30580
39716
76958
70901
77315
41715
39372
52618
37318
65736
75781
9189
43572
78861
44576
36901
64897
52334
88161
23783
52173
30396
54434
54964
30690
3129
58772
53489
92892
37848
1931
23972
77065
3742
19725
54880
44957
58598
32350
7127
24834
8631
40168
92258
12344
84244
54012
76741
37078
67025
1025
14103
96921
79311
68567
52463
7292
52192
6452
684
89540
32235
24157
67105
35477
67734
46837
5286
26832
4039
11913
75518
36523
51581
92629
48367
36325
71493
49961
97255
39018
74838
11858
60791
54649
5278
13754
61441
56970
19706
61625
47010
51441
10634
38968
11771
77869
10657
16557
29553
14197
27971
29924
50220
79052
47405
23439
40230
19398
72900
37985
82268
48238
49344
43559
3387
54122
81165
88680
11592
25723
75158
82454
2016
85292
46274
13287
88013
56432
53697
42419
94481
6520
96195
69553
10424
44100
92492
50154
87350
90245
87640
94470
63335
61836
38529
90575
16458
44546
79755
51902
69769
55413
59208
71285
65558
5983
9425
78423
86267
62622
45694
6600
68642
42389
75653
78566
11341
92997
29221
23543
9094
41713
18513
71930
4049
56542
63005
44359
25940
43260
21113
95209
23526
79821
66995
88584
10656
75920
67507
21775
63394
13702
27875
32536
79943
28380
11602
90785
46230
64675
14828
54824
6888
32842
27254
10437
14236
89759
78648
39677
57872
99261
59738
80898
4935
27233
69982
15091
28005
62341
60719
16251
895
13446
48287
80339
41327
83742
95976
12409
48917
35656
66733
79658
92350
93488
14947
7087
9099
93096
70616
90823
92857
30854
96573
97292
81940
67055
37236
34797
54249
22807
50549
54644
35753
23688
59835
1932
7930
56311
13841
80700
16820
80075
60858
9670
98415
75305
40609
32366
93253
11725
48042
86611
66432
45115
9755
73224
37023
70843
32873
90772
93150
8274
70268
29404
31463
54956
55188
63245
36119
68530
68797
52439
73457
30155
61610
72372
30313
2719
29590
48418
38297
77132
35529
29581
22748
69137
27657
59271
40480
60030
50543
58483
67805
45663
12739
24120
1119
67427
12217
36739
60809
80515
88678
34766
35522
75140
7638
65335
2712
61081
14254
40509
38713
73635
93942
60961
67624
22099
45084
32957
81629
95127
90940
74286
65643
28531
23258
66262
95458
34976
27853
56768
15991
41384
91034
51013
17024
23525
41201
19236
84106
79307
83597
47671
77794
78039
9133
45919
638
53717
3728
7120
73697
94168
6258
64192
23199
53369
55306
43509
13197
82660
25129
53040
24544
41016
28905
65420
64041
69606
84157
72999
73765
68254
21170
76412
71146
54155
47183
95636
32725
50411
27608
31274
69431
33367
94966
17482
11588
50772
60491
24285
33932
10473
76825
82328
50989
6230
48249
39882
689
57258
13381
98306
50364
58403
75218
22010
13059
22901
18147
69636
97164
45255
1410
67095
3474
95876
84077
14562
47148
69421
62699
5933
79394
40024
87761
30883
70107
60862
70265
94648
18620
8498
93454
68485
66401
93525
15347
4312
16926
32994
73448
14591
3102
74358
6538
30428
70734
90116
68843
42735
60037
32042
48168
39931
71567
60781
94666
66526
22144
89783
61674
64616
97781
55628
33601
89034
49653
72801
92847
90432
30647
91147
29875
33249
66006
35913
87530
61592
26529
56873
29179
11418
88415
2199
75201
84834
62481
94719
51860
9477
85002
14034
97945
8635
93515
32047
97170
68020
5348
15869
58952
35495
7516
13679
92597
97374
49093
80627
83819
99474
38000
13498
35745
51267
15198
11446
36602
2531
6666
87962
35860
16520
26849
34305
24656
45216
90204
22326
13736
20404
37695
96541
79752
69063
35072
72849
91290
83665
78328
75609
8992
41180
13959
68589
17299
53009
79535
53401
55040
11053
66216
15752
51426
17917
49558
75582
62633
40262
22760
1221
84519
84307
97262
64771
53870
57187
62472
70012
65704
65652
46121
74196
31684
83933
43285
48483
37442
47673
2385
17335
82578
92453
32587
34504
10870
6997
34938
97355
71112
57198
98076
56131
42005
21191
45754
95376
77878
8726
65888
44082
73878
36862
43131
6062
21295
11268
54045
82589
58441
80282
99424
65872
97587
56864
876
8957
87713
35315
6812
59325
17365
29741
40308
58871
74784
85562
79099
53162
93788
69839
22096
92518
7201
64727
23432
52348
848
2330
35438
58789
7464
59714
49513
5552
41430
49890
14009
29644
10057
44674
88469
26922
98267
29278
10645
73551
39692
89244
51565
58333
59584
73161
51351
90637
62741
98636
43486
63089
25818
3776
46730
32782
87342
95744
37834
29273
70486
75696
58417
5395
45222
71738
56169
43989
25868
66315
42392
65061
56059
93457
23894
40495
91470
99097
31633
79063
98233
98971
67004
24551
27599
38587
81186
15441
34831
19520
44214
30169
20068
27483
59416
64790
98722
16085
33631
25090
7252
75523
89651
87164
93832
38397
28159
85803
37995
83644
89718
61080
83115
57223
10484
11214
95310
91170
26156
54993
35542
94222
10014
55111
46558
68930
20401
45780
9867
53533
94722
16620
53908
10226
4284
48241
48123
56295
58896
85618
40440
73466
71551
24055
55541
81535
59122
51351
73205
10130
31196
9247
29204
65062
63858
75262
34492
9112
45894
43860
86497
41117
59980
40905
50843
88116
13998
23818
44911
72394
34289
84851
46361
6340
33759
26754
12727
92381
2958
85432
27363
33654
19531
56067
98217
8242
31830
57561
41206
77224
1921
28203
43193
85753
92960
18888
74369
7459
42207
44133
4705
75996
53836
74918
7188
87095
2173
19415
5328
4631
29699
32191
62137
73082
13111
60854
80824
44441
43268
22530
46517
44689
74585
14563
55295
68046
32951
54516
99357
74658
98149
4562
75506
52486
4333
7546
64433
6006
26461
93614
34489
80012
26305
96126
53595
38916
81833
34919
8209
25601
81302
78579
94142
80739
92642
49937
73637
26093
29306
73494
25604
52307
2909
25962
29645
6742
33009
93579
36600
83322
13045
70589
63835
38850
67215
42282
2619
49548
76701
34680
99001
82855
13759
93644
64095
31253
68433
62584
81199
22591
36579
31655
74399
38988
57117
4544
69582
14978
22975
6682
23153
35520
76771
11840
98223
44486
53622
25694
18887
55175
59874
18388
62883
97486
36884
51830
29239
30170
14914
35290
52261
50993
66445
27160
14833
48415
31205
83915
87245
78032
90097
35250
14053
67368
46590
12776
36707
25064
37970
79446
79740
22696
97334
67475
20682
59071
19805
73774
88741
34219
33916
41502
10065
862
92515
24398
73129
48572
33166
60874
27104
23763
95625
40657
15984
67067
77285
52191
91632
15755
32137
96224
62304
54323
64199
82486
38246
83504
81112
27487
42575
15529
92842
52140
40243
85857
1391
13872
34929
34057
74246
61533
57320
70371
27043
97156
37939
4828
49847
54423
44436
6836
51147
7240
85012
15846
14578
23758
24202
95191
50746
66277
35572
68440
18918
75315
54797
44161
88687
14578
77718
87785
75611
35538
83009
27506
33195
21448
56187
7894
723
1123
38583
51370
32215
48447
91068
46293
71705
15770
66336
47303
81547
2408
16243
25317
2575
94892
68978
16114
9970
47196
4400
10434
7587
86909
37440
64634
33209
18479
96380
33432
19102
35463
84302
75169
83410
75870
21963
79968
16492
13151
27771
97539
39412
67867
47709
41487
63259
17187
57102
97082
88236
61002
8016
95323
72763
69308
84809
6472
87288
81689
39404
31242
17653
48558
31264
25915
49280
52727
6383
65272
89730
58007
87663
29642
50726
35872
94982
14485
52560
52584
36419
41296
38438
43935
61471
11701
38096
46780
17673
50236
53321
80929
6330
94826
54339
37094
21242
4119
14673
51477
93243
4904
34336
81406
34046
84562
17779
29528
23900
94191
6964
59819
60339
44902
4255
22310
80455
66203
92942
22980
41291
46763
28761
47121
42090
82600
83716
87184
86219
97889
63513
79962
27645
97350
61869
61192
82412
4500
15572
6812
98191
46389
66132
59030
16143
94239
6192
96099
85294
23986
43931
27085
70249
72193
73706
37191
55293
82274
49227
42013
80664
13241
46827
8809
11091
33548
93853
93003
61900
34278
24668
60591
80167
15652
44473
95810
34743
50165
17761
20537
98003
61193
47122
93105
33886
45680
30796
88679
28455
4876
55544
33971
17617
27224
66632
28208
60272
85338
46063
22673
20116
94583
8116
25135
10735
52090
21445
44978
27107
63059
89367
49963
24752
61341
43568
58138
7522
98216
71669
35477
3592
27714
93300
20709
54438
60432
48417
39562
46270
19333
86087
90238
14416
19056
15873
49004
94998
61171
18834
22605
24730
8702
72068
73334
69543
40488
31972
76565
39205
4141
36894
42297
55707
30694
86859
34997
15979
35776
98412
86101
78961
10351
76840
18230
28907
17565
66734
24405
3588
85068
70863
52170
93270
67783
26004
87666
8772
81828
64731
47477
10822
26478
14626
66029
81024
1985
25879
96503
61614
24791
83105
65427
34642
84797
83157
63050
2862
50391
12307
30303
35960
82670
81973
54082
50954
8478
42248
83578
15158
31832
55907
25480
82162
70033
16362
63686
95871
41741
60690
82337
90384
68647
48264
49878
53944
31922
37780
80658
7165
49588
11461
66977
32758
18287
21560
8564
50617
87660
91642
65275
44344
72401
15608
27006
42935
31470
90193
63658
97063
75735
70847
13299
44882
19611
62677
23678
75385
958
29188
82051
50046
40150
49528
7656
82289
94940
40073
33406
83101
32215
23533
52297
5117
38641
78804
71904
69611
69497
60414
91526
70084
31761
5325
15466
75224
91855
62996
51110
92313
91684
33661
67211
56686
8041
74367
63827
3482
14940
96733
11435
71008
20767
63232
977
58908
66888
96733
53372
36885
57647
69750
7469
14260
98928
46787
88984
91283
34635
40594
9448
51172
98107
76159
32710
31001
75378
96038
58335
15171
93271
69270
85679
38890
57354
11508
22651
24743
8741
75523
85480
90240
70125
17802
29352
69553
88441
18836
85688
23577
83283
94636
98601
81890
71295
31811
37743
71526
28349
95578
86197
46473
65348
96728
84863
47555
33088
8014
71798
65681
8389
82130
56421
78015
99432
85273
72420
88374
28961
58609
36803
12744
53745
35904
19487
49893
91567
56730
21919
20417
52809
32968
90742
43009
54548
76105
90064
87136
8972
86714
53317
16861
69345
10238
19728
69277
20363
91649
82503
48824
50758
44158
85421
29355
79562
5408
78748
71630
61638
1167
16899
39299
57987
8141
81809
13035
9098
72373
671
17570
59588
53488
58284
53785
87578
2864
47914
32793
94013
30918
6470
69623
74576
91391
98479
78991
21651
77727
75473
82789
3747
91872
46941
85586
24865
29250
98122
33463
26475
98293
74886
85563
76634
58022
64200
89064
60386
12615
22358
79252
43033
52680
49375
42461
44571
72706
46304
65722
75286
22277
73363
78533
39001
45156
64619
63366
73906
87593
21682
882
11739
96068
11297
13225
78942
74998
2789
39828
87113
48999
19580
54998
2179
92808
22311
70602
66014
68116
61176
41800
89893
59392
45185
53747
5048
34657
17613
3807
22750
38795
4189
33989
59715
14986
71066
39157
14836
73356
3838
2449
47207
22918
81299
73239
40578
28463
44341
7093
96079
30370
72745
11824
14614
18431
65071
43514
76940
7537
46821
99190
70184
50510
58032
30400
89349
29598
93409
4685
27806
96747
30987
74514
44518
37138
48253
84596
65101
17446
16541
61680
71668
14139
97357
85782
56422
62928
29797
33862
69965
76118
57904
40650
51481
40788
94902
41330
94239
14163
69867
22545
35763
1354
21911
79781
37993
94016
89229
27946
36315
30623
89127
8483
44262
86984
19118
25536
74764
72767
58898
69582
49385
17302
35084
25718
81943
54838
66548
76682
68501
61268
98727
4764
86474
45491
9397
49319
40007
23479
76766
75822
53602
66393
9158
22716
78229
27776
47752
77845
1043
31502
72279
74280
48304
7863
99499
30747
86553
90899
32281
55555
52667
55861
84171
39642
1852
18421
88461
41359
41400
65727
42034
19854
56972
50692
42070
60053
3320
14674
62751
3863
45676
35530
77643
18832
67246
2994
73432
54299
93394
6213
34706
70913
61574
43730
35407
62926
61651
48721
29138
3551
39300
70672
22905
21125
46216
88827
80678
49036
4001
68281
76751
49177
28664
54894
67509
95410
81741
41441
74561
75635
71507
34120
71400
33581
77350
7308
96008
39501
55529
49998
66904
94329
45522
14661
15954
91238
3988
21485
65126
31841
14618
42377
80518
42782
22123
72879
63044
4364
39173
62458
4851
11180
96078
75752
44261
73928
7912
65121
38281
87293
39971
30037
82122
84993
44198
22929
2083
72038
68266
66709
4379
82384
9586
9749
50019
55562
7480
13563
59426
70505
75521
63778
81185
96451
64382
50299
95231
96146
40272
34012
83939
79744
87901
90913
89589
56951
38694
91173
29489
7460
58382
57720
14697
91821
91321
88568
47883
23654
2631
32161
93659
3005
20791
75345
24308
84673
50496
20040
6671
90268
77904
90110
94864
66306
81524
84954
23757
20718
76627
77099
52031
59861
59671
90580
52182
51493
79648
24917
98999
7131
56579
93158
33988
2222
93355
57797
11748
44351
77337
17919
59472
55741
8530
54836
46899
14906
40290
70157
35124
41769
72108
12007
2131
32279
3087
78165
8624
82235
3583
8123
88867
84014
26134
23355
85736
19989
80652
22336
63841
82841
39756
23813
39083
47786
78149
85482
62192
43292
80491
22168
84561
53099
33676
11544
10231
60615
89210
42707
43351
17645
50331
57070
26511
75965
79925
12747
20806
85430
34584
84147
68771
98192
32812
32706
46478
35814
43041
33522
78606
48384
79542
88019
26336
38070
99064
36067
98186
88774
78274
66389
31271
53457
23959
57282
54274
28736
93881
74581
14666
28965
83580
8290
52009
16893
64848
23339
52207
32741
56361
55665
80626
60756
44184
31814
98326
43748
91733
22364
57374
94859
88253
88145
48817
12712
45927
27943
40949
64661
3024
79467
93126
86105
87257
69988
27850
76958
92827
79557
10199
74041
35722
15677
35297
4758
46991
34123
72359
39224
55988
30233
34584
44741
43231
8253
81306
14010
35696
22755
78171
62573
27074
96150
73530
39184
66638
1880
16642
84317
6289
50693
58858
65863
65871
93655
70121
37714
52631
67332
1791
33471
22418
60227
3064
65149
67980
83870
4011
28528
31477
7035
15953
58052
28037
14335
96736
19527
15715
38230
4344
45856
88423
62703
36571
79146
56858
31545
17361
34341
98377
18652
67312
21295
3731
69877
11296
71211
54247
14808
24591
10577
45695
40045
92481
73232
53880
89717
92259
93448
52799
96103
64156
66074
59306
1228
45721
41017
32273
86934
74858
31150
30438
42671
76298
33669
37400
87094
29732
16499
2402
53823
26576
47597
18720
19557
45681
96453
34126
38440
15753
86425
35044
79409
53000
19202
5489
23573
84071
61614
11007
83782
17617
40945
26953
93415
98466
88205
81009
28698
5204
8264
82021
31281
79713
25594
50338
25895
22547
83965
63835
62152
95242
23731
66413
48742
66786
71403
71815
51357
57869
7674
35639
74986
72471
86444
68901
71437
75149
74763
635
79854
82527
7509
11635
87092
32603
85825
13487
79002
94642
2175
41654
90385
49758
8567
63979
17044
4822
60647
67902
62192
92173
28393
62030
65145
15338
55784
37082
15339
31047
61570
20045
38426
68579
55532
26018
26034
41858
63358
5536
61352
65033
71042
76589
15291
4461
41069
56188
8784
26568
48942
94828
19241
76835
57358
9238
17025
13642
45821
56217
68541
7891
75762
7467
1322
31795
57338
26856
97505
21196
56244
59357
11081
27786
36447
50224
56099
2368
6912
64383
52788
55354
59711
95881
57042
41922
5620
73567
55064
75293
30284
24106
8036
30899
55425
8858
62194
37615
59566
60199
58311
16310
20056
93244
67948
80355
68321
24547
7575
99085
13783
59863
79292
97346
56245
36834
39768
85717
35253
19685
61510
89390
43291
69046
20789
23568
2756
7835
60684
61822
67534
43847
2984
12442
61944
70432
17650
30765
19831
24725
54702
33114
9441
34494
30961
89538
95180
94581
75755
55286
14766
62117
69528
81909
31663
15169
5978
58271
22504
90514
20593
14890
34861
23077
51184
96305
18361
68334
51922
37692
17912
7125
70307
26853
65471
26120
41243
85504
21201
17498
41290
35468
4467
11318
17877
59982
25987
47707
18753
72343
38721
38846
86733
73083
61423
38417
94240
79284
31604
71015
41828
49016
2992
12635
721
67963
62607
41464
78319
83309
82814
20109
43629
86781
55279
85358
47263
6118
33566
89868
77961
71787
29214
89546
69722
15489
28464
64463
19625
59568
60330
60953
33436
62822
97441
33657
55637
60548
98973
34457
68709
7639
78418
12838
93920
58550
23049
66035
64168
56115
56403
66982
28402
10469
57028
22977
25458
84992
86940
68935
69412
72122
30388
3348
35444
52681
60857
15933
13730
60330
49890
7291
67469
53161
43982
86241
12211
66531
77128
1231
23146
58383
67713
75400
68352
25242
97877
18662
35086
10669
87097
4999
82291
17986
32199
42587
70167
92557
58021
8749
77739
32763
39893
70061
85424
83375
81154
22487
74758
58783
23219
97404
17666
15784
97656
10871
40526
96034
29033
99465
31555
16631
4964
14347
58469
61015
80786
53488
78424
39307
61738
56664
95923
2131
51577
7199
10358
33231
53539
84616
16866
76258
7872
34033
16894
6028
44404
56921
26914
97289
56886
57970
14420
85702
96169
96741
47217
2807
50730
26142
65967
12968
7658
62390
38951
58735
69089
73161
16818
23128
58277
33185
24238
90001
91070
40633
95529
60326
22406
47296
58115
4144
5766
96388
14698
26787
93629
85767
29094
44859
36761
94561
81679
43919
81803
21130
27506
75745
93791
68177
23725
76920
1862
47464
67421
92432
12949
87803
53258
59207
35599
36225
87203
65217
33113
2401
16856
27243
13020
45450
71602
49282
64864
53782
18053
71519
98764
69412
47764
18408
38089
70990
20180
39451
43306
87102
56735
80107
75405
10493
39814
35856
46218
51869
1573
4184
78122
17929
30927
90642
87231
27381
64776
76947
6015
82330
48967
29632
52242
96231
47540
89831
67721
91572
54134
35879
79174
11369
16486
79431
45714
80152
15787
91432
32521
41212
20468
11143
82993
50895
26638
70725
3129
90914
72524
32996
73744
21991
62128
50838
43075
34520
65521
35648
26593
20155
71028
30619
31024
87014
10551
76238
67667
50190
92523
25040
16255
13491
35684
98748
88239
61822
94325
16220
77588
67350
48716
76185
88841
35697
27523
32416
94069
17897
91917
21162
37552
63445
75634
92429
75311
11037
69167
43478
60727
86542
68019
76482
24886
28555
1083
37977
15229
94908
53697
92317
62758
27265
93354
76452
62462
21378
9368
81384
38775
26137
3046
1179
89082
3532
93108
64894
14069
87128
33224
98649
98522
26095
75631
23908
54150
1566
61385
93231
95975
39934
11401
59233
66700
5255
36185
54014
26133
69406
35898
88760
95043
62797
14792
9978
65829
32752
74372
4751
20380
8096
3900
19403
58044
4383
67163
12694
5450
53401
30778
1925
92835
41679
60658
60035
46434
21696
38902
96420
15954
98652
11032
11497
61949
25324
20975
52631
57577
20199
56882
2809
52148
60282
46064
10692
88517
13728
47238
93467
66629
77516
94892
84316
44047
80403
69204
89982
26951
8606
86902
42405
7758
97434
53402
93560
47611
98230
71043
30040
18929
28425
32349
70577
13559
3266
6121
2576
16494
52860
20896
7975
55228
16288
17143
98776
21543
85847
89258
47994
19305
2012
89899
50916
24298
68154
44976
95761
66884
40871
26301
10665
93148
58151
6095
31559
60917
11716
57987
2263
88428
78383
34090
44157
19524
50733
67785
40567
61433
81895
13414
80238
8759
3813
31654
32557
71467
1482
28819
63203
41853
54620
73369
59853
37623
4316
90912
23392
15532
49400
49507
4461
28283
83097
72470
47307
58683
65107
87375
20616
47502
25641
1354
55761
28954
56861
13170
25274
57843
65841
13329
24549
20962
11550
83902
82437
15366
75315
30682
30399
25215
79689
58712
77350
63287
56034
25158
46822
21641
37385
66938
92995
62526
67792
73608
16332
25153
11630
65458
7849
76972
78288
31898
22786
89338
40652
5723
5205
16467
35905
59456
65534
40447
43020
43385
28586
98554
92395
74908
45047
30280
42346
62894
17658
34990
61354
33490
83996
72484
23801
91345
49956
2589
48095
72242
91427
88247
2818
21484
29567
62575
5792
19953
3522
48312
62838
31608
71718
80085
31368
41617
35217
73214
29363
52375
33057
90217
10718
17553
63202
34019
33750
38010
36108
6697
35105
52387
94444
61775
97724
48863
24850
28368
68317
52225
1533
56007
8685
72751
36593
39554
39221
71310
37620
68084
48538
70177
83154
58756
12582
71208
17627
45832
9718
77587
52029
68675
54826
71326
30950
77402
20689
79653
6271
13858
32378
7304
69366
64915
4907
30811
4969
43628
2621
66442
36565
75011
37119
44571
34267
49202
16279
75746
19886
49849
53833
71416
43377
33512
43242
73827
11414
87783
53980
17185
26494
11210
23989
20712
978
52749
51023
5447
21229
77496
95741
81646
77360
33361
26717
36479
7415
66848
12726
26801
41550
90411
97717
84427
24423
65811
58754
35338
78447
37587
76375
29793
72649
25217
50005
73127
77466
25880
3427
98195
28228
98668
5694
6088
56881
31911
42068
63796
23612
78646
90098
64662
69557
13667
49589
93481
4331
33195
53671
7630
94634
30546
61275
67784
79615
11780
41411
57581
61512
68690
80629
14592
67859
85823
44533
25240
42586
86101
88537
65698
65247
4487
55212
59656
42006
5301
77989
70189
62349
32160
2671
57483
86559
63446
25767
91026
99078
91031
73460
85442
60221
78941
535
28580
89616
44568
77673
32702
55521
91062
23253
45620
20401
77965
30128
86259
8119
8618
56949
69968
64630
83472
52303
76041
71771
77571
67568
71349
93454
41528
81644
54175
20969
7031
7608
11085
51099
84781
67639
31472
76343
90392
1944
21596
93210
31572
8355
26181
39690
89156
21001
4821
73129
72804
80362
45400
75227
72782
41601
69181
14810
23745
23857
35279
30276
55317
70216
6227
40598
38356
61551
41793
53600
62995
62889
47310
94068
95096
97343
58610
84753
18844
87283
58382
91149
92498
28634
66876
65780
69735
60910
5443
18333
9619
64574
48109
64436
35291
78189
29886
73147
40240
95531
51599
28088
83272
23762
22656
78868
21605
6118
64121
39950
92902
23003
55951
85900
51137
47679
76532
45725
9089
81475
63558
42560
46550
36519
7496
81341
15208
61234
79340
79301
57265
55791
7889
41037
79053
30045
20406
1159
60015
84027
64961
53417
31883
45764
64169
7872
92943
41202
53097
26885
47529
17155
68945
93579
77527
1294
772
92235
62028
4964
72036
19794
60256
4777
60331
64161
58674
5589
64820
19190
14469
54633
72107
45852
897
61129
77576
18693
2831
31174
69430
49860
72181
38875
68292
50208
39669
68564
67296
2198
97381
64184
45844
82489
68462
31027
47150
27636
36117
36823
46326
74438
90956
43286
20790
16706
4915
23218
59251
31598
53892
29181
6310
50926
67556
74102
25986
32078
67519
18134
58128
65400
7171
4472
48389
75133
59351
20391
27621
94968
56714
97800
69906
72523
65938
15548
14081
70353
38267
72832
26803
17011
2513
32613
91789
93921
7216
42628
26499
98587
60262
9479
64487
91285
13451
37728
91270
96655
81971
19392
92123
39186
42044
86882
36561
8482
27282
50142
3687
89401
23474
29990
31265
49839
62103
47906
44260
93171
90034
70260
92258
75149
79239
81597
66934
17543
44177
58705
14698
26649
2949
31673
89687
44493
43407
26748
52475
94542
1742
80014
9795
49068
10504
40560
98407
72107
87967
43167
90131
3853
38279
82889
3854
18019
89339
70289
59414
34016
53846
97964
84517
80647
54489
74704
25640
22749
26304
2967
42143
51898
82481
51438
1466
17837
16851
99373
14796
29670
43041
5427
33023
80820
13169
36378
23691
3008
31519
7957
60876
10217
30773
45894
90364
10115
45450
40856
32364
95607
67675
98359
48005
75008
50297
48972
92345
66648
73197
7641
95818
41090
36921
53694
22411
49590
14924
69954
52098
70295
2764
37826
80012
33037
8572
95228
67004
53523
60936
24220
73982
29111
23079
46839
4619
72877
20663
96464
64377
93361
28957
60696
34951
65378
39242
81214
15468
53666
76021
91418
24461
78285
54097
29325
36174
62169
49405
3679
40544
10841
27399
15026
39452
49979
61366
67923
47708
6881
64887
12585
742
18696
97133
59546
83575
61227
41260
23895
15393
17781
40166
63706
20918
93763
92531
56593
56432
66788
59772
96477
77129
12023
36355
41433
85854
22573
9856
34062
28955
98595
70500
53549
17792
92485
13595
26219
54213
54356
49614
69106
95989
14632
57665
17408
8895
75048
73501
89180
42337
58125
86157
44318
69648
47364
85252
56003
69438
94608
14917
23245
93704
10269
76294
36348
3255
89390
62067
56968
68598
36533
50926
65087
50666
9091
81995
83413
8992
80348
73093
50829
38973
59750
94647
33474
31967
80399
14329
26257
860
53098
49002
19416
62868
50148
55264
65623
40038
42183
47443
9136
78216
97869
98076
53734
31813
5923
37648
64657
11124
11241
15986
73949
94844
35485
7923
27311
40737
46104
53068
41097
98703
26922
60013
62071
76570
40129
28194
41461
81812
99489
74449
84880
23210
73025
39115
78875
3801
1615
44032
14425
12356
59518
87874
7700
19856
20650
58863
60093
66254
36783
1690
65457
87557
85555
52380
64628
26184
5426
30941
8496
5415
5890
92876
28126
3768
56843
7501
31421
57958
51034
45346
94167
35404
58072
26719
54760
78222
85083
15353
69329
46718
40895
59638
34776
51302
12519
24256
76986
17445
54697
10334
46713
84439
28063
74339
13059
84406
6692
43980
67217
81578
88826
61884
17483
71751
88103
96095
74825
98038
36301
44654
45257
76696
4793
4885
28499
41164
28641
30337
82461
8190
40172
29674
17481
92087
28865
30041
2345
59410
73521
69062
41488
87200
55798
58471
59451
68754
79419
59128
67292
16220
4283
37401
17768
32928
66138
45767
97944
94279
957
80905
27321
64981
35432
44303
57568
88149
98196
59413
48059
72217
53328
89048
84269
33978
72371
68572
3232
52290
28201
94377
68010
56336
32278
85279
88764
23269
55898
12560
18048
56355
18317
69222
46188
53249
38377
4256
41899
37073
87522
14810
34142
41350
4358
18912
99180
76230
86984
2913
29020
40037
96790
21883
95873
53920
7662
10489
76689
87412
22549
19590
44268
40367
13664
89956
18468
51541
19065
84219
88114
7087
98530
22756
72289
27740
65520
71969
28822
77357
98734
81695
17894
21376
4078
38620
74797
35592
48609
76338
23504
95011
20780
91624
35878
33944
82081
78198
84985
25998
62918
97951
56937
86300
21208
29726
14540
11580
26547
42863
88437
25782
25058
6832
71010
52988
69304
46307
88080
18413
47498
12084
13924
67778
4209
73654
26575
11142
52353
36412
36640
40123
34864
18429
26923
79924
47655
65315
91004
98054
8678
79942
48688
57588
11626
20199
11076
80430
90358
98656
23695
62708
35593
61472
55339
39302
59978
81414
74296
37183
18326
35788
76806
52690
53717
28581
57466
26224
93397
48971
24778
2575
53765
97319
84016
89243
18018
94592
94525
33228
19101
43072
95437
54194
5044
51276
18348
64523
33190
92144
2206
75368
28432
3865
52911
81649
31946
10877
8373
25843
83700
57003
52271
37965
54822
36787
52060
96692
56231
47085
54773
74832
89658
50710
29526
19554
26838
71726
83577
83880
64370
10636
59748
17654
14001
13159
98803
69799
23537
32028
95143
7737
13884
72266
69555
92558
33905
22115
15103
14988
93053
69376
89321
83211
20586
43699
3265
46924
15926
11695
31304
5148
21831
15904
22303
59684
28564
21606
29983
75953
77487
49978
8542
16223
47096
77597
9281
80501
24565
23884
94990
18118
18112
10163
26181
38198
77714
53298
9974
93140
64493
65130
97789
11176
80535
20592
94712
9599
66050
25196
10404
68389
99026
18446
9464
46623
20896
18246
27624
69313
65982
47466
86931
8947
57129
37964
46645
59696
90762
80472
53336
80108
46102
75977
16136
27137
21421
11349
60588
12324
60397
70492
80213
59923
13791
89178
7046
58539
32276
58523
28352
23110
30841
15783
31557
12823
77599
3055
72019
68861
83027
25855
73821
53981
26685
89458
80619
47606
1307
41707
59430
61204
37052
64496
21627
74695
78526
52526
33734
35654
35901
61586
82616
66242
2221
39026
78565
79320
65933
51084
73033
73812
1792
47355
28293
52329
37313
9412
24787
38120
74972
9070
98824
36876
73066
45303
12071
76444
22681
69657
36950
58082
31743
44418
24825
33464
82944
28242
37636
73729
78827
11169
48041
5471
58024
75835
57300
94837
10099
81587
57809
9923
15509
57133
46299
88075
27289
82222
89371
49470
52379
51173
8053
8974
95092
56730
66290
3888
84472
4426
77118
63799
15096
50011
93122
96972
50698
75274
17662
60298
81714
74971
94073
96723
56957
40873
10651
83746
47947
24874
58068
25179
75548
65621
33653
71140
22851
24796
98880
32176
28722
1850
95475
67670
51362
14450
65143
2560
14576
82305
86710
95790
82128
81284
18366
39585
47009
28517
23831
94456
52891
81400
44487
28939
71873
2993
24931
19577
27289
24312
51253
79863
50014
71580
48034
1876
10882
38029
28289
24959
45186
15499
21249
27814
96283
63467
66900
43792
91484
15583
63101
69228
21835
32440
97667
18561
59285
47451
61990
86074
95615
13743
90790
46129
10175
63676
71858
20558
2205
647
45017
71243
15646
90118
23909
36782
54086
15661
5426
70422
30745
92379
40150
76432
49672
62670
94493
9457
10621
56983
20384
31088
94578
11674
2069
5254
74850
73427
49664
1907
73574
94181
72650
14073
10151
21411
74707
88089
36573
4985
59012
66818
96865
24014
43750
47037